created: 20230413025241356
difficulty: 4.0538149682454625
due: 20230425023409070
grade: 2
history: [{"due":"20230416021603319","interval":0,"difficulty":5,"stability":2,"retrievability":1,"grade":-1,"lapses":0,"reps":1,"review":"20230414021603319"}]
interval: 3
lapses: 0
modified: 20230417023409070
reps: 2
retrievability: 0.8538149682454624
review: 20230417023409069
stability: 8.17310579005002
tags: openAI ?
title: chatgpt
tmap.id: 8bc029a8-b6c9-4aba-8849-ab2447fcc3ba
type: text/vnd.tiddlywiki