created: 20230413025241356
difficulty: 3.15582558608373
due: 20230518064252825
grade: 2
history: [{"due":"20230416021603319","interval":0,"difficulty":5,"stability":2,"retrievability":1,"grade":-1,"lapses":0,"reps":1,"review":"20230414021603319"},{"due":"20230425023409070","interval":3,"difficulty":4.0538149682454625,"stability":8.17310579005002,"retrievability":0.8538149682454624,"grade":2,"lapses":0,"reps":2,"review":"20230417023409069"}]
interval: 8
lapses: 0
modified: 20230425064252825
reps: 3
retrievability: 0.9020106178382677
review: 20230425064252825
stability: 23.008966034645493
tags: openAI ?
title: chatgpt
tmap.id: 8bc029a8-b6c9-4aba-8849-ab2447fcc3ba
type: text/vnd.tiddlywiki